-9.991646303524051032e-01 -2.232118913805105753e-03 4.080513568041191363e-02 -1.955944655173208913e-03
-2.638252434545347840e-03 9.999474950030435849e-01 -9.901861503296228995e-03 1.479438688275491742e-04
-4.078089107454387074e-02 -1.000124403729231969e-02 -9.991180581096875679e-01 -3.876222515441903483e-03
0.000000000000000000e+00 0.000000000000000000e+00 0.000000000000000000e+00 1.000000000000000000e+00
